,1111514,1108728,1114540,1114546,1113486,1116574,1115356,1115528,1115413,1115517,1115432,1115555,1115438,1115565,1111551,1111552,1115420,1116165,1115426,1115548,1111566,1111540,1115444,1115572,1116783,1111541,1111565,1115578,1111549,1111550,1122623,1115450,1115584,1108366,1115592,1127052,1118752,1118760,1108333,1111564,1114573,1127026,1111535,1108341,1108343,1111534,1108345,1108423,1108347,1115463,1115608,1111530,1108385,1111532,1108351,1111531,1111561,1122637,1122646,1108387,1108353,1111563,1115612,1115616,1111569,1115477,1116593,1111575,1115624,1115628,1113364
1111514,0.0,0.8854233241048125,1.1641290844935896,1.1722512649628682,1.7693700421935101,1.7677858806127595,2.0338455687825343,2.0401053738121604,2.1887409080356215,2.1864281690532117,2.9089289095765722,2.917872662367344,3.417432160034544,3.4169010695374946,3.5964860204807345,3.6049369644665137,3.995393117388012,4.003156238311741,4.305376957837647,4.300464849982017,4.521322926748835,4.516117763252112,5.000872892037289,5.0024121014942216,5.4359737886146275,5.44779406324058,6.027877174373365,6.032094026317198,6.276806827166204,6.281050794495556,6.803370549738773,7.139978677199883,7.145042631426123,7.574612257690222,7.645994361652765,7.978614783793381,8.18522862962585,8.19034224035793,8.360727653603497,8.370929737217777,8.77258150417398,9.42824623792259,11.498516022339397,11.495875923931779,11.966529085949714,12.523466265105224,12.525045660253602,12.911395413258091,13.12444233854207,13.217620750390852,13.208689651561405,13.557796480564708,13.556993481152086,13.65159626867922,13.661483925909428,14.62549593494323,14.69181207600925,14.71289519697791,15.060581333050628,15.707202898334922,15.837470197307363,17.01553477623875,17.36998344993525,17.71582753426124,18.07382171813519,18.497598427845812,18.880093048755352,19.235201885479995,19.632129410390405,20.076641076271944,21.090337087774515
1108728,0.8854233241048125,0.0,0.2787063806367334,0.2871399481416589,0.8891784707064112,0.8885714448380969,1.1602344725496532,1.1679695854388517,1.320573931562834,1.3193756983694966,2.048268360349717,2.058554838008793,2.5648961877465077,2.5656883089997677,2.745193626593237,2.7548582851864905,3.1451142385577535,3.1537808216434464,3.4591678066475238,3.4557096040271804,3.67979601081089,3.6762950672246286,4.163940449878349,4.166390680777215,4.592489487422552,4.604869193596565,5.180131071871242,5.1850600118721175,5.428423374706534,5.433330832663178,5.951868915590898,6.282359491698996,6.2882187944287,6.713429079920317,6.7848254454754064,7.115622625731439,7.319217559892809,7.32460958518454,7.493315772723463,7.5031393244246605,7.900842981137243,8.55275213577817,10.624597061485312,10.622132424170223,11.092783505063574,11.648891655280318,11.650646854597351,12.042542715426611,12.265989342799259,12.361849951009368,12.353144522805998,12.705074939071412,12.704585719052977,12.798762090989657,12.808881452990065,13.769091011063818,13.835426599317206,13.856198460469356,14.20278014615814,14.847684832113757,14.977609574186856,16.165172236531113,16.524823357413055,16.8736702317448,17.23445756356841,17.661996618667583,18.04828080773613,18.406558514278007,18.803174189288455,19.25110248530352,20.262942574210623
1114540,1.1641290844935896,0.2787063806367334,0.0,0.01676600614848435,0.6150855425053398,0.6153527651976181,0.8899015165338968,0.8986395269239654,1.0530485558063478,1.0525795278402874,1.7821674629514117,1.7931078244815237,2.3014527644146017,2.3028568175977044,2.48194327766279,2.4921377152850406,2.8816231301637303,2.89066773183182,3.1969640660170078,3.194122654912696,3.4192480747236185,3.4164564748337014,3.9046694330463696,3.9074817668697324,4.330214584514646,4.342803891241158,4.915813340737209,4.921012308220457,5.163732667355568,5.168889617235981,5.685778562723754,6.013886794931839,6.020039055579463,6.4435398470912935,6.5149267089965255,6.844997318148453,7.047466436167244,7.052958392913204,7.221036029591106,7.230721982941525,7.626968438764611,8.277499798339457,10.349801633838045,10.34739757889124,10.818030387208937,11.373836513033522,11.375651693729623,11.769426545630523,11.996409747939907,12.093178584941613,12.084550747709939,12.437416922853137,12.437034506290646,12.531058777174193,12.541256177420117,13.500114253808047,13.566452666186002,13.587118219211805,13.933308815003208,14.577605410808316,14.707409548872686,15.898098788392101,16.259468655805435,16.609297893196135,16.970995351790243,17.399761325778705,17.78728149864593,18.146588915719583,18.543077766654974,18.99211073747575,20.00328267827093
1114546,1.1722512649628682,0.2871399481416589,0.01676600614848435,0.0,0.6041519220261058,0.6041659344360288,0.8781597911078427,0.8867048309260956,1.0408471361279221,1.0402595769724299,1.7698813999769234,1.7807278560376054,2.288850377895162,2.2901768545574286,2.4693294042819725,2.479457911217146,2.8690635318684286,2.8780606014712538,3.184259171201459,3.1813441441574857,3.406359235619007,3.4034887232299695,3.8916572348264835,3.8944311844084525,4.317554325766707,4.330118837981679,4.903421604370353,4.90858542362074,5.151394433734617,5.156518345636766,5.6736409190162105,6.002116265160013,6.008221191693569,6.432015146723764,6.50340428863716,6.8336107821320065,7.036303013859869,7.041774486919897,7.209985156308304,7.219701075683738,7.6162928016663365,8.26721101260308,10.339382291211614,10.33696096882595,10.807599880530883,11.363494729248707,11.365292171498076,11.758578129781611,11.984855325642142,12.081471224027034,12.072830686119099,12.42554944762944,12.425150617812175,12.51919852414025,12.529383917147703,13.488460525849485,13.554798598681533,13.575481984398975,13.921739749635258,14.566144382800209,14.695970474958138,15.886149596471684,16.24727543321864,16.596974581422206,16.958556790300246,17.387174471229454,17.77455269142181,18.133747102659992,18.530250259630765,18.97916632246503,19.990410050243398
1113486,1.7693700421935101,0.8891784707064112,0.6150855425053398,0.6041519220261058,0.0,0.012252709628507512,0.27859662741760594,0.28940784368018374,0.44525221140848087,0.4463556667527629,1.1722295399211695,1.1839865901589481,1.6936777709036912,1.6958741182088808,1.8740740654801396,1.8849170536901987,2.2729139455021934,2.2823849644409724,2.5894090581145255,2.587305257611951,2.8134516946660075,2.811548099841174,3.299975256690961,3.3032355472668815,3.7217750496932265,3.734581878289785,4.305139240887701,4.310585440196764,4.552663864141832,4.558040695356555,5.073468162576568,5.399972856602173,5.4062892140184955,5.828946676448273,5.90032788152968,6.23015310773538,6.432406588503355,6.437909076934133,6.605950506473691,6.615638742035718,7.012177057540048,7.663580946692377,9.73551819525845,9.733072147288341,10.203718430254515,10.75975142305192,10.761518717776038,11.154429560632199,11.381844411016091,11.47899331592738,11.470402024743496,11.82374557903766,11.823423050151652,11.917360811652125,11.927601370208341,12.885777423944504,12.952116468274943,12.972736746822283,13.31876926787584,13.962855163128923,14.092622963251488,15.284714684547035,15.647199290230434,15.997747570767903,16.360157754619028,16.789950444606365,17.1785736661646,17.53884582758575,17.935201474118582,18.38530462644331,19.395790814745737
1116574,1.7677858806127595,0.8885714448380969,0.6153527651976181,0.6041659344360288,0.012252709628507512,0.0,0.27629578372091695,0.2865509748929244,0.4423851705136062,0.4431994148956525,1.170198836660922,1.1818111900837671,1.6913828804539706,1.6934650069823074,1.8718168676749187,1.882567570216091,2.2708217612692625,2.2802289697653273,2.5871706271541406,2.5849661986847963,2.8109965958478185,2.808985065749602,3.2974156110165254,3.3006247497195815,3.7197139096038447,3.732489966132422,4.303447177098628,4.308850476631394,4.55104718910608,4.556384119839497,5.072107619225873,5.399044099827127,5.405306564863479,5.828299089843433,5.8996834016128155,6.229660250480809,6.432155798044249,6.437636319831692,6.605819886895525,6.615539889979319,7.012437716706492,7.664229649754083,9.736025770378216,9.73356262235326,10.204213221431415,10.760331547246723,10.762081443862645,11.154504618460043,11.381188671551843,11.478174677302533,11.46956973000788,11.82275539008627,11.822415052818117,11.916378774001084,11.92660635576519,12.885019606140238,12.951358432003303,12.971997684216037,13.318101895088542,13.96230207706203,14.092092926564735,15.283645987903268,15.645865732779894,15.996271302784406,16.358554056405676,16.788180990719038,17.176643600946644,17.536786712808976,17.933160323119946,18.38312911755354,19.39370213061833
1115356,2.0338455687825343,1.1602344725496532,0.8899015165338968,0.8781597911078427,0.27859662741760594,0.27629578372091695,0.0,0.016827565386645378,0.16722156175711636,0.16923577646588675,0.8939091906280889,0.9055223871762453,1.4151387308200332,1.4172912861363125,1.5955570335286617,1.6063543720200109,1.9945264670274072,2.0039410393676795,2.3109061344057746,2.3087493146528995,2.5348619620541606,2.532952305785623,3.021379081873053,3.0246443779423555,3.4434181322382504,3.4561953375972396,4.027284587674406,4.032658348331894,4.274943827096294,4.280247357411208,4.796288045066801,5.123991118318368,5.130137742660356,5.553930187057499,5.625321395277133,5.955726166012342,6.159000476952764,6.164405182072869,6.333089366761351,6.342927186459137,6.74127913103741,7.394897802272525,9.465930024503583,9.463384755054605,9.93404617924366,10.490568953862995,10.492233111902072,10.882478390613233,11.106736055053686,11.203316996506727,11.194680427421984,11.547524234304563,11.547148440801967,11.641163743598563,11.651365203977573,12.610301187998155,12.676639232972645,12.697324964989825,13.043609733992865,13.688116791754306,13.817972417052689,15.008255443855813,15.3700511541609,15.720282969498424,16.082443193619874,16.51195700659959,16.900360065652247,17.260491180179105,17.65686454024709,18.10685031230212,19.117408394165988
1115528,2.0401053738121604,1.1679695854388517,0.8986395269239654,0.8867048309260956,0.28940784368018374,0.2865509748929244,0.016827565386645378,0.0,0.15586122307102768,0.1570789568118597,0.8841854999168196,0.8955811070659185,1.4049844119937636,1.406984576011989,1.5854448371272676,1.596120812163308,1.9846124230990845,1.993944751165684,2.300797173405813,2.2985145913745564,2.5244814445793953,2.522439800864901,3.0108701898701895,3.014074214501018,3.4335085257722753,3.446248096533293,4.017816586496663,4.0231376866123245,4.265563903309593,4.270818468047825,4.787213753250048,5.115446593694506,5.121525728953092,5.545729705760204,5.6171233183112825,5.947712765919267,6.151290417899539,6.156666992193813,6.3255292212522045,6.335407540447681,6.734214553085348,7.388325604071155,9.459140679871373,9.456573320462022,9.927234873559689,10.483862050992366,10.485503689968978,10.87512139768954,11.098466111459498,11.194847260556482,11.18619408915678,11.538844713717415,11.538447398088632,11.63249370589839,11.642679437643226,12.60189952873241,12.668237050766336,12.688945830885178,13.035316791904947,13.679961390125866,13.809844829368881,14.999471034452315,15.36095067431896,15.711013620410691,16.07302404566909,16.502344553231527,16.890561919448775,17.25054492780801,17.646938588286815,18.096771134999265,19.10742750246765
1115413,2.1887409080356215,1.320573931562834,1.0530485558063478,1.0408471361279221,0.44525221140848087,0.4423851705136062,0.16722156175711636,0.15586122307102768,0.0,0.010861586856072143,0.729152649586027,0.7402862772399045,1.2494275551798237,1.2513209013907618,1.4299108129075582,1.440496930871426,1.8292314702296237,1.838489168501556,2.1452414846801533,2.1428713364226444,2.368751937271344,2.3666523446905074,2.855081239378481,2.8582642469498287,3.2780973101472033,3.290803747242216,3.862867366689892,3.8681243846944398,4.110722298083511,4.115914083720643,4.632794474932075,4.961923868772475,4.967877174791212,5.392884460457372,5.464281522271038,5.7952634692014415,5.999538875019384,6.004847810552971,6.174141177441266,6.184120889897949,6.584125219457074,7.239656088503896,9.309780883800903,9.30714925562866,9.777804459406042,10.334730233559055,10.336305391739973,10.724182134772136,10.945415857022503,11.041404849626106,11.032720349992749,11.385018112565591,11.384583214406534,11.478683411408534,11.488841511242455,12.448581607587112,12.514917866635853,12.53567134488312,12.88221146241501,13.527135412822949,13.65707679203917,14.845454990421251,15.206439264422047,15.556266512110232,15.918085351299814,16.347183640558402,16.73521471303574,17.095068684479077,17.49147878258502,17.94119405946377,18.95192295117881
1115517,2.1864281690532117,1.3193756983694966,1.0525795278402874,1.0402595769724299,0.4463556667527629,0.4431994148956525,0.16923577646588675,0.1570789568118597,0.010861586856072143,0.0,0.7296225195121201,0.740540023998568,1.2493498515236674,1.2511031209333285,1.4298484332285548,1.4403240628004685,1.8293072718857437,1.8384926789893667,2.1451285563522196,2.142648991739414,2.368393019117422,2.366177511244782,2.8545968330364464,2.8577262350650314,3.278115359330811,3.290789942480657,3.8632366723519316,3.8684507355639592,4.11115799036277,4.116310117147279,4.633465047689855,4.9630021145433085,4.968903324620478,5.394217769555822,5.465615532591467,5.796731200804509,6.001228565642327,6.006516712902082,6.175938315864135,6.18594744078809,6.58627444809384,7.242144133467783,9.312098323778827,9.30945123413911,9.780103407230948,10.337098778855653,10.338658226966809,10.726089218542215,10.94665414858425,11.042492884315038,11.033795895454023,11.385946111569224,11.385494826441425,11.479618334471601,11.48976443483796,12.449716401052545,12.51605208189445,12.536822783160837,12.883426395526605,13.528450918975032,13.658412564616523,14.846294911928082,15.207035741840938,15.556731203625313,15.918432208481867,16.347377259666704,16.73525980134247,17.09499427942405,17.49142042982566,17.941011262134992,18.95181913224331
1115432,2.9089289095765722,2.048268360349717,1.7821674629514117,1.7698813999769234,1.1722295399211695,1.170198836660922,0.8939091906280889,0.8841854999168196,0.729152649586027,0.7296225195121201,0.0,0.01832003136756129,0.5222324603694787,0.5253265402858632,0.7022878486171665,0.7136157366929071,1.1006925308424358,1.110229964567041,1.4174011876130175,1.4156300321450983,1.6422642848533242,1.6410245436313098,2.1292442202376347,2.1328347881975627,2.5495463895866917,2.5623543341610984,3.133719406842414,3.1389949322293806,3.3815735592710143,3.3867616394925784,3.903907361546585,4.234440502905763,4.2401462212407575,4.666863686438774,4.7382600413893945,5.0701755422901345,5.276299721855198,5.281418115195346,5.451909613121603,5.462183966207535,5.865771140714763,6.52578291830975,8.593204570972755,8.590369555100722,9.06093907247855,9.61873767424016,9.620101696181726,10.002698943963049,10.218633799832084,10.313851353375322,10.305109728574653,10.656809452524108,10.656317397333677,10.750499051624987,10.760614547597307,11.72124002528079,11.787572977466905,11.808411592831364,12.155280211077834,12.800776845815989,12.930841504200508,14.11695333005685,14.477421296039594,14.827130595299257,15.188939552168524,15.618159316558708,16.00645251829052,16.36662008895925,16.76298174146386,17.21310725562748,18.223561276594165
1115555,2.917872662367344,2.058554838008793,1.7931078244815237,1.7807278560376054,1.1839865901589481,1.1818111900837671,0.9055223871762453,0.8955811070659185,0.7402862772399045,0.740540023998568,0.01832003136756129,0.0,0.5098292569142234,0.5125131761857277,0.6901261933232742,0.7011812711427976,1.089035031424782,1.098418656973577,1.4054290780536034,1.4034464415471752,1.6298856843587033,1.6284381667758339,2.1167481755857427,2.1202506185689174,2.5379338151552093,2.550688993193912,3.122706836695697,3.127910972970072,3.370670131108009,3.375792800710151,3.8933833444781514,4.224582751337405,4.230201091386132,4.657415046180817,4.728809232040549,5.060934207654003,5.267423600615621,5.272506412739713,5.443207283346375,5.453531316747091,5.857651231575959,6.518215498916394,8.585258887065141,8.582397893486371,9.052949174909175,9.610850323833368,9.61218798033677,9.994043062708917,10.208917733320552,10.303904084402216,10.29514348616999,10.646617760180611,10.646101082170949,10.740317288356765,10.750414700145917,11.71135474810099,11.77768643416305,11.798551062654047,12.145514139115614,12.791160273863765,12.921255130474737,14.106618329939048,14.466731326424567,14.816251425352128,15.177893158090846,15.606898194501678,15.994986114175381,16.354990616743365,16.751374724260668,17.201332357148676,18.21189456209184
1115438,3.417432160034544,2.5648961877465077,2.3014527644146017,2.288850377895162,1.6936777709036912,1.6913828804539706,1.4151387308200332,1.4049844119937636,1.2494275551798237,1.2493498515236674,0.5222324603694787,0.5098292569142234,0.0,0.016228842863766715,0.18050225953772467,0.1913846690299549,0.5802778834911615,0.5892149885247198,0.8958169809129324,0.8936421013153738,1.120075577682122,1.1188007196364977,1.6070147251370226,1.610606922747501,2.0288033845352644,2.041450317002198,2.615234965318586,2.6201836120225743,2.8635645479301806,2.8684377814490003,3.3878098580557747,3.7225475226378575,3.7276365892152827,4.1579156991055015,4.229273336524527,4.5627779207927945,4.771964718445929,4.776766509949482,4.949086780964203,4.959815740821533,5.3684304477040845,6.034030471449335,8.096949860052119,8.093852300453847,8.564162897088716,9.122917951431155,9.124013987675834,9.499507771148556,9.70703293290857,9.80069883565476,9.791835298021734,10.142127268970015,10.141489228717408,10.235873276059934,10.245880794622208,11.208441278536146,11.274763867548314,11.295772734662703,11.643261729349156,12.289770912579158,12.42004507683653,13.601370632387567,13.959983086032867,14.308815284790047,14.669916835447644,15.098324721482877,15.485945757388821,15.845653780905398,16.242073998027813,16.69178780733384,17.70249722926628
1115565,3.4169010695374946,2.5656883089997677,2.3028568175977044,2.2901768545574286,1.6958741182088808,1.6934650069823074,1.4172912861363125,1.406984576011989,1.2513209013907618,1.2511031209333285,0.5253265402858632,0.5125131761857277,0.016228842863766715,0.0,0.17969122892357134,0.18928148235718198,0.5795057090144313,0.5880951366586081,0.8941178387241254,0.8915533208373734,1.1175900784989639,1.1159524947687967,1.6043053138973882,1.6077579909011814,2.027378582120823,2.0399481335042946,2.6145500652879066,2.619403282600192,2.8629900745673402,2.867777606790896,3.3876571990263087,3.7231696609448393,3.7281536677933538,4.158970767072313,4.230318567005071,4.564030952437433,4.773609139407136,4.778370856136014,4.950907591767264,4.961690240686163,5.370846044502189,6.03697344369063,8.099391579287563,8.096267340208458,8.566542029313997,9.125384135561843,9.126453168343746,9.501166433704576,9.707547244129007,9.800956271978505,9.792071816215348,10.142107196854347,10.141441581232748,10.235863035856779,10.245850181650422,11.20874715543499,11.275067523440072,11.296104711911825,11.64369288141495,12.290357058125798,12.420662421725917,13.601156073998656,13.95936809157158,14.30798374233052,14.668892458849458,15.097051200036958,15.484432213639337,15.8439480322437,16.24039372986829,16.689908589271788,17.700743791409664
1111551,3.5964860204807345,2.745193626593237,2.48194327766279,2.4693294042819725,1.8740740654801396,1.8718168676749187,1.5955570335286617,1.5854448371272676,1.4299108129075582,1.4298484332285548,0.7022878486171665,0.6901261933232742,0.18050225953772467,0.17969122892357134,0.0,0.018001503590480975,0.3999216226418961,0.4087319520840943,0.7153552773200226,0.713350014667908,0.9400411372221369,0.9391423208401226,1.4271267257706042,1.4308638551421728,1.8483020548454838,1.860948339138595,2.434971565578736,2.4398669689094037,2.6833720956876483,2.6881903294489726,3.2079663825172626,3.543673421221336,3.5486057904872825,3.9797652068990175,4.051104041214642,4.384999053677002,4.59500813173017,4.5997203590517985,4.772534645267576,4.783391796793916,5.193406848152592,5.860565467562048,7.921958765381036,7.9187870696529155,8.388994476645502,8.947986279306196,8.949006921846735,9.322545477903715,9.52798446622886,9.621307827941866,9.612418426392125,9.962417816245292,9.961751068042119,10.056174179400019,10.066160299827873,11.029110744523884,11.095430477780827,11.116475699575297,11.464096240763338,12.110824469557674,12.241144717872627,13.421470237841191,13.77977236337844,14.128483047051459,14.48950377362181,14.917845467447854,15.305443594727677,15.665162265315626,16.061579559719597,16.511328024988114,17.52201220965908
1111552,3.6049369644665137,2.7548582851864905,2.4921377152850406,2.479457911217146,1.8849170536901987,1.882567570216091,1.6063543720200109,1.596120812163308,1.440496930871426,1.4403240628004685,0.7136157366929071,0.7011812711427976,0.1913846690299549,0.18928148235718198,0.018001503590480975,0.0,0.39063287292228255,0.39895883702017976,0.7048446538591637,0.7023986275189555,0.9287054086047974,0.9274311329927848,1.4156300935032309,1.4192316288620046,1.8380984836960668,1.850666798980945,2.425507958948474,2.430306464758606,2.674014881194296,2.678746299646156,3.1990256354476996,3.5355212634226905,3.540344329270489,3.972052596251147,4.043379031266892,4.377483308827881,4.587901136988019,4.592570589746986,4.765610999903574,4.7765253229757425,5.187113018375485,5.854831324442807,7.915643689846558,7.912443377090984,8.382607053572974,8.941686600666305,8.942678288593045,9.315388682148686,9.51965599242223,9.612722581255031,9.603812430436088,9.953557216158895,9.952863365581702,10.04732300464008,10.057289068503056,11.020569402461321,11.086886756220784,11.107960050349108,11.455678361225251,12.102559711504869,12.232910871289349,13.412413235017766,13.7703286673068,14.118832578370462,14.479670646962344,14.907778443976612,15.295153445017252,15.65469499921738,16.051135754078796,16.500702232082165,17.511501509011566
1115420,3.995393117388012,3.1451142385577535,2.8816231301637303,2.8690635318684286,2.2729139455021934,2.2708217612692625,1.9945264670274072,1.9846124230990845,1.8292314702296237,1.8293072718857437,1.1006925308424358,1.089035031424782,0.5802778834911615,0.5795057090144313,0.3999216226418961,0.39063287292228255,0.0,0.015297661676415822,0.31778646509729186,0.31816782994483855,0.5457028560039671,0.547408749285666,1.0323256480866054,1.0368157921962955,1.4488990303749103,1.4616712090091808,2.0350556108163986,2.03994585283693,2.2834847587218694,2.288278447701546,2.8083988656555485,3.145548730524951,3.1502174694674796,3.5828690962119265,3.654164653696831,3.988732202674973,4.200261741848692,4.20480161490087,4.378539821332437,4.389644561732159,4.802353806728799,5.472520625018055,7.530601824633692,7.527287541301094,7.997259747842159,8.556665132685296,8.557541503465421,8.927428655252813,9.129389246359732,9.222229754065863,9.213305952171911,9.562939752531044,9.562240383474519,9.656707709675892,9.666669263652608,10.63010560722375,10.696421121127209,10.717515633972015,11.065317036796053,11.712357786735268,11.842745433898175,13.021783713075466,13.379866536608663,13.72856611314667,14.08964034141845,14.518139433433008,14.905983276745163,15.265965187713721,15.662343279325775,16.112417853906855,17.122885807634823
1116165,4.003156238311741,3.1537808216434464,2.89066773183182,2.8780606014712538,2.2823849644409724,2.2802289697653273,2.0039410393676795,1.993944751165684,1.838489168501556,1.8384926789893667,1.110229964567041,1.098418656973577,0.5892149885247198,0.5880951366586081,0.4087319520840943,0.39895883702017976,0.015297661676415822,0.0,0.3074333041900406,0.30705701771660315,0.5346383502311464,0.5358617136904046,1.0215506832539698,1.0258964969768325,1.4396226841803672,1.4523147540460382,2.026554310028379,2.0313483144639246,2.2750860575320657,2.2797949282258823,2.800391454747547,3.138276824742485,3.142842127586333,3.5759884549727805,3.647269033593578,3.9820154460805215,4.193912185507175,4.198412467828095,4.372350280649394,4.383506954579601,4.796719859472344,5.467363355971603,7.524863465143928,7.521523923758034,7.991448850934712,8.5509223935076,8.55177329282094,8.920929119288425,9.121864920157842,9.214481539413114,9.205539725710379,9.554951327748975,9.554228455194188,9.648727224985088,9.65867136656819,10.622390733263781,10.688703993053188,10.709822717320034,11.057707565575452,11.704878495501276,11.83529239779149,13.013620552504147,13.371372154933876,13.71989511007593,14.080813695128986,14.509113963244916,14.896768605680338,15.256600720300018,15.652999182633968,16.102920294912973,17.113486764639894
1115426,4.305376957837647,3.4591678066475238,3.1969640660170078,3.184259171201459,2.5894090581145255,2.5871706271541406,2.3109061344057746,2.300797173405813,2.1452414846801533,2.1451285563522196,1.4174011876130175,1.4054290780536034,0.8958169809129324,0.8941178387241254,0.7153552773200226,0.7048446538591637,0.31778646509729186,0.3074333041900406,0.0,0.02173593324562122,0.22914978032852837,0.23362988247336094,0.7146888780065085,0.7193745835185521,1.133374918613363,1.1458708075934212,1.7226186867577016,1.7270400643129675,1.9714741403401628,1.9758436403919963,2.4983271809513354,2.839958825150751,2.84393009633693,3.2798923850175545,3.3510549753215733,3.686843751696471,3.901156704621717,3.9053796958452036,4.080675926695552,4.092204630880625,4.509105373004588,5.183437615326793,7.235930895140119,7.232401279038649,7.701922597632471,8.26185381768432,8.262513708237645,8.626525199850704,8.821532901155443,8.913062497607504,8.904037127685369,9.252450093407163,9.251627232501127,9.346258017591916,9.356127584101786,10.321094463764402,10.387395783321553,10.408628111102232,10.756905636219285,11.404707865162585,11.535252142338,12.710351867700306,13.066886919709452,13.414838868530932,13.775301181901959,14.203084802870963,14.590318626048958,14.949867903052704,15.346301484437499,15.795974110331974,16.806692967671104
1115548,4.300464849982017,3.4557096040271804,3.194122654912696,3.1813441441574857,2.587305257611951,2.5849661986847963,2.3087493146528995,2.2985145913745564,2.1428713364226444,2.142648991739414,1.4156300321450983,1.4034464415471752,0.8936421013153738,0.8915533208373734,0.713350014667908,0.7023986275189555,0.31816782994483855,0.30705701771660315,0.02173593324562122,0.0,0.22758405797009112,0.22970555757798897,0.714579303402525,0.7188481188672659,1.1368629896557576,1.149170752345744,1.727419168454388,1.7316491563762448,1.976380635144783,1.9805859691932386,2.5038135276419795,2.8466555863346605,2.8504496873187755,3.287152393239259,3.3582778302715552,3.694302177872297,3.909165049357576,3.913325568426415,4.088907716235293,4.100514758133369,4.518121994646529,5.193075011248922,7.244593605749184,7.24102719889906,7.710459277093333,8.270469172902144,8.271091911186378,8.634001397571792,8.82739141306343,8.918552608701829,8.909497709002009,9.257534880959186,9.256672679950185,9.351354458536333,9.361194731694516,10.326614659154803,10.392911283232236,10.414182920118847,10.762591354109896,11.410595151880198,11.54117992235734,12.715100978459343,13.071071016411283,13.418715738720365,13.778904267799962,14.206334529035072,14.593228013951169,14.952504619987515,15.348973853126516,15.798364690223584,16.809260856247036
1111566,4.521322926748835,3.67979601081089,3.4192480747236185,3.406359235619007,2.8134516946660075,2.8109965958478185,2.5348619620541606,2.5244814445793953,2.368751937271344,2.368393019117422,1.6422642848533242,1.6298856843587033,1.120075577682122,1.1175900784989639,0.9400411372221369,0.9287054086047974,0.5457028560039671,0.5346383502311464,0.22914978032852837,0.22758405797009112,0.0,0.02537650734639773,0.48719620834597455,0.4913036480722487,0.9146638273556977,0.9264839197617322,1.5081799289997717,1.5118277820740358,1.7572616885350467,1.7609670208034,2.286228617405069,2.6333051409946955,2.6364018640853892,3.075912965404071,3.1468500614350967,3.4837571889078833,3.7010259225131734,3.7048940541778497,3.8817654457578277,3.8937468146186927,4.314796066240835,4.99295065833955,7.038940324018598,7.035192359243585,7.504138522918942,8.064482521294881,8.064923300506916,8.422802716121497,8.610139966041737,8.700127386368106,8.690982205594082,9.037897231610003,9.03692318571907,9.13174743366267,9.141503894132384,10.10823958675533,10.17452004003625,10.195912504519951,10.544722156332522,11.193359258621381,11.324073945965429,12.494470728880183,12.849020527201585,13.195961887029702,13.555564829514148,13.982297085456226,14.36857903584659,14.727408005427492,15.123931776030824,15.572894545041876,16.58405090202279
1111540,4.516117763252112,3.6762950672246286,3.4164564748337014,3.4034887232299695,2.811548099841174,2.808985065749602,2.532952305785623,2.522439800864901,2.3666523446905074,2.366177511244782,1.6410245436313098,1.6284381667758339,1.1188007196364977,1.1159524947687967,0.9391423208401226,0.9274311329927848,0.547408749285666,0.5358617136904046,0.23362988247336094,0.22970555757798897,0.02537650734639773,0.0,0.4884305576706353,0.49181458234015113,0.9204159765196436,0.9319455117879131,1.514974295176031,1.518366848364144,1.7640131405404567,1.7675033139173622,2.2934573995514715,2.6419250563968775,2.6448001075929723,3.0850998393859754,3.1559733435655324,3.4930938578096757,3.7109909742720513,3.714782313078083,3.891969419370588,3.904043802281054,4.325880301984622,5.004693103761093,7.049354665873051,7.0455630028595,7.514378735926151,8.0747914456188,8.07518797931664,8.431740988891544,8.61714247564732,8.70668746626779,8.697507276570443,9.043964589138673,9.042943609109178,9.137826413825977,9.14754768220437,10.114801872569497,10.181075379224644,10.202514200033121,10.551472711812337,11.20033753160318,11.331098062146166,12.500078191417119,12.853953255996954,13.200526431755932,13.559801167852466,13.986110706645567,14.371986203480741,14.73048951557175,15.127052986327866,15.575679331527795,16.587040152893156
1115444,5.000872892037289,4.163940449878349,3.9046694330463696,3.8916572348264835,3.299975256690961,3.2974156110165254,3.021379081873053,3.0108701898701895,2.855081239378481,2.8545968330364464,2.1292442202376347,2.1167481755857427,1.6070147251370226,1.6043053138973882,1.4271267257706042,1.4156300935032309,1.0323256480866054,1.0215506832539698,0.7146888780065085,0.714579303402525,0.48719620834597455,0.4884305576706353,0.0,0.014461541731998538,0.44630934816718765,0.45574696860435493,1.0414557113034844,1.043367332340772,1.2891907649142642,1.291521134594133,1.8198619527204838,2.176130884540502,2.177525675742065,2.622399729955004,2.6927030429506633,3.030846793672409,3.253143246909433,3.25633587807288,3.4357651891191443,3.448570799314676,3.8765364396538486,4.560621941951025,6.5926462391332565,6.588519123257231,7.056187806960785,7.616958045365686,7.617021437679082,7.964449361382509,8.13969024379166,8.227394713583195,8.218077670895468,8.562814566220723,8.561630191157015,8.656711698149838,8.666309399630846,9.635424731788506,9.701667384928372,9.723286895480815,10.072822205709674,10.722599548212976,10.853549161656986,12.017291236235684,12.369293994269285,12.715005775708171,13.07360827654641,13.499184481971213,13.884493542670974,14.24263984611909,14.639240997910912,15.087578092269359,16.099101163747825
1115572,5.0024121014942216,4.166390680777215,3.9074817668697324,3.8944311844084525,3.3032355472668815,3.3006247497195815,3.0246443779423555,3.014074214501018,2.8582642469498287,2.8577262350650314,2.1328347881975627,2.1202506185689174,1.610606922747501,1.6077579909011814,1.4308638551421728,1.4192316288620046,1.0368157921962955,1.0258964969768325,0.7193745835185521,0.7188481188672659,0.4913036480722487,0.49181458234015113,0.014461541731998538,0.0,0.4484008185147113,0.4574265082379493,1.0426831972567079,1.044372709471868,1.2900770306173737,1.2922313558881002,1.8207315832677733,2.1778513931822814,2.1790837611584184,2.624354193158591,2.6945893183792626,3.03278696975032,3.2554673755031858,3.2586057111523856,3.4382138752366243,3.4510812996161224,3.879505859899246,4.563932789547816,6.594872569414053,6.590716874902254,7.05827338719655,7.619061348658017,7.619095818479868,7.965650586824002,8.139657319239992,8.227082777381636,8.21774411264122,8.56218911391683,8.560975710279672,8.656091595943856,8.665667336974282,9.635085853727846,9.701323078919518,9.722970910858228,10.072592562931263,10.722500758885698,10.853476814612717,12.016337350244653,12.367929885714192,12.71341861910365,13.07182329226992,13.49714669968266,13.882214588440387,14.240168728654986,14.636791933323243,15.084931613470623,16.096571379604224
1116783,5.4359737886146275,4.592489487422552,4.330214584514646,4.317554325766707,3.7217750496932265,3.7197139096038447,3.4434181322382504,3.4335085257722753,3.2780973101472033,3.278115359330811,2.5495463895866917,2.5379338151552093,2.0288033845352644,2.027378582120823,1.8483020548454838,1.8380984836960668,1.4488990303749103,1.4396226841803672,1.133374918613363,1.1368629896557576,0.9146638273556977,0.9204159765196436,0.44630934816718765,0.4484008185147113,0.0,0.015932125421614585,0.5961630675536808,0.5987769760218665,0.8447170924226859,0.8477038984883994,1.3751228787482916,1.7298701751589503,1.7313843735663736,2.176094088901092,2.2463939467002567,2.5845399333795847,2.8070681798627852,2.8102053393264157,2.9898448804673405,3.0027419025037934,3.4316773366667577,4.116799630204961,6.1464789265905475,6.1423294444934395,6.609929149670202,7.1707086290304085,7.170757751977643,7.518659089843884,7.697505244964828,7.7864936903291495,7.7772840797692515,8.123548855629616,8.122528391803385,8.217411108914597,8.227131748052441,9.194602273875631,9.260869591761782,9.28234910576661,9.63146077291995,10.280628841587902,10.411460589622207,11.579828722775884,11.934563833814172,12.281908842851431,12.64204803266493,13.06971342816849,13.457147171485296,13.817075718274245,14.213446731839143,14.663685774266295,15.67401792889433
1111541,5.44779406324058,4.604869193596565,4.342803891241158,4.330118837981679,3.734581878289785,3.732489966132422,3.4561953375972396,3.446248096533293,3.290803747242216,3.290789942480657,2.5623543341610984,2.550688993193912,2.041450317002198,2.0399481335042946,1.860948339138595,1.850666798980945,1.4616712090091808,1.4523147540460382,1.1458708075934212,1.149170752345744,0.9264839197617322,0.9319455117879131,0.45574696860435493,0.4574265082379493,0.015932125421614585,0.0,0.5859154735731957,0.5882039813040781,0.8341549454899222,0.8369218217926155,1.3647154452834147,1.7204513776417711,1.7217832999046847,2.1669382571678586,2.2371633146741434,2.5753667020737803,2.7983046548762354,2.801383084692899,2.9812114924900674,2.9941751177249243,3.423596101422014,4.109066404791498,6.137582118722053,6.133404298012283,6.600892229166501,7.161688001757591,7.161708929517309,7.508784235740372,7.6865423775202375,7.775298242279527,7.766070600715965,8.112101022293166,8.11105708617063,8.205968822657063,8.215671837421315,9.183399972658233,9.249663444611992,9.271166432373061,9.620352293585508,10.269633693563305,10.400488326396582,11.568153532504912,11.92257620601031,12.269756694187693,12.629752819938052,13.057238529537893,13.444504227275633,13.804301686147307,14.200690492212216,14.65079728598911,15.661214656371202
1111565,6.027877174373365,5.180131071871242,4.915813340737209,4.903421604370353,4.305139240887701,4.303447177098628,4.027284587674406,4.017816586496663,3.862867366689892,3.8632366723519316,3.133719406842414,3.122706836695697,2.615234965318586,2.6145500652879066,2.434971565578736,2.425507958948474,2.0350556108163986,2.026554310028379,1.7226186867577016,1.727419168454388,1.5081799289997717,1.514974295176031,1.0414557113034844,1.0426831972567079,0.5961630675536808,0.5859154735731957,0.0,0.01616695275337436,0.24908375177001493,0.2532507191674544,0.7789878128022523,1.1361078035551955,1.1367750066973727,1.58353198180443,1.653375101351036,1.9917142749546575,2.216723134168422,2.21945358779423,2.4003508537807163,2.4137423398973388,2.84651044546024,3.5345675477233662,5.554704822495222,5.550394239419833,6.017362700402008,6.578204809653615,6.578107567701676,6.923004162002924,7.102171361465654,7.191955032137396,7.182819236696293,7.530191228135911,7.529299383223294,7.624020586987772,7.633836515728771,8.600065627896708,8.666347407867736,8.68773341964987,9.036565526767012,9.685363493038743,9.816128832442473,10.987741514358527,11.344823187009789,11.693648170581623,12.05522055436893,12.484893495677255,12.87442631664632,13.236147008835518,13.632243987470888,14.084412747243292,15.09342528531361
1115578,6.032094026317198,5.1850600118721175,4.921012308220457,4.90858542362074,4.310585440196764,4.308850476631394,4.032658348331894,4.0231376866123245,3.8681243846944398,3.8684507355639592,3.1389949322293806,3.127910972970072,2.6201836120225743,2.619403282600192,2.4398669689094037,2.430306464758606,2.03994585283693,2.0313483144639246,1.7270400643129675,1.7316491563762448,1.5118277820740358,1.518366848364144,1.043367332340772,1.044372709471868,0.5987769760218665,0.5882039813040781,0.01616695275337436,0.0,0.24595515504536195,0.24914492561660684,0.7765456500733744,1.1356053786403237,1.1359221603442171,1.5832905174442096,1.6529820833683992,1.9913210859430732,2.216918362777598,2.2195577563438302,2.400699433811628,2.4141875949279457,2.8475646761469107,3.535977005316357,5.55438440125294,5.550035622439249,6.016837693279331,6.577686887788796,6.577551824764515,6.921312392148627,7.098914649755121,7.188351743070651,7.179188689549616,7.526210210056086,7.525282530366868,7.62004937431651,7.629838586317395,8.596466373076924,8.662742997238903,8.684164050702813,9.033108461008851,9.682076228801101,9.812875493102068,10.983453498587764,11.340060000761683,11.68863231419608,12.049983219212251,12.479374380520339,12.868639883074154,13.23015003164572,13.626280458040274,14.078235541531383,15.08739823498745
1111549,6.276806827166204,5.428423374706534,5.163732667355568,5.151394433734617,4.552663864141832,4.55104718910608,4.274943827096294,4.265563903309593,4.110722298083511,4.11115799036277,3.3815735592710143,3.370670131108009,2.8635645479301806,2.8629900745673402,2.6833720956876483,2.674014881194296,2.2834847587218694,2.2750860575320657,1.9714741403401628,1.976380635144783,1.7572616885350467,1.7640131405404567,1.2891907649142642,1.2900770306173737,0.8447170924226859,0.8341549454899222,0.24908375177001493,0.24595515504536195,0.0,0.01589568759560319,0.5306716948437759,0.8926571275951819,0.8921079711554928,1.340722312028622,1.4099803460376126,1.748201282334794,1.9753451305289031,1.977712226121336,2.1595431718065194,2.1733367946048365,2.6087311523970604,3.2983713764689924,5.311100769611875,5.306665466202336,5.773094807858417,6.333946892561191,6.333733961132098,6.6757998155147975,6.853154391595046,6.942871370602034,6.933735591566716,7.2811765099245775,7.280298977739904,7.375002087085335,7.384828259209397,8.35098208291882,8.417263772278709,8.438650957112834,8.787495414112788,9.436336732544827,9.567114262985012,10.738887495585123,11.096418648139803,11.445581297264274,11.80750690245389,12.237708056474439,12.627824955416536,12.990063191367202,13.386071929937636,13.838809702161102,14.847409970226078
1111550,6.281050794495556,5.433330832663178,5.168889617235981,5.156518345636766,4.558040695356555,4.556384119839497,4.280247357411208,4.270818468047825,4.115914083720643,4.116310117147279,3.3867616394925784,3.375792800710151,2.8684377814490003,2.867777606790896,2.6881903294489726,2.678746299646156,2.288278447701546,2.2797949282258823,1.9758436403919963,1.9805859691932386,1.7609670208034,1.7675033139173622,1.291521134594133,1.2922313558881002,0.8477038984883994,0.8369218217926155,0.2532507191674544,0.24914492561660684,0.01589568759560319,0.0,0.5286974793404635,0.8928976948732118,0.891909649068373,1.3409787343821302,1.4100315697468786,1.7481433758809386,1.9758846449708047,1.9781507273258527,2.160209922730889,2.1741062180087742,2.610077475581558,3.300000825768011,5.310813133110194,5.306338676085437,5.772585291114683,6.333432929018986,6.333181380832551,6.674083202423841,6.8498428557203335,6.939207256444985,6.930043765328232,7.277129040824982,7.276215150763713,7.370964714325109,7.380763808242852,8.347321920817643,8.413598394680696,8.435020984707405,8.783978730220163,9.432990809681753,9.563802391801238,10.73453574429158,11.091591011000084,11.440501385393814,11.802206300073623,12.232126979978634,12.621978108616588,12.984007435485847,13.380050799625632,13.832577042389484,14.841329691578235
